                           [38;2;18;10;8m▄[38;2;46;37;31m▄[38;2;65;53;42m▄[38;2;56;44;34m▄         [0m
                        [38;2;15;5;5m▄[38;2;10;9;9m▄[38;2;17;12;11m[48;2;12;13;13m▀[38;2;24;23;20m[48;2;31;27;21m▀[38;2;55;48;36m[48;2;51;42;27m▀[38;2;97;81;52m[48;2;105;85;45m▀[38;2;110;92;55m[48;2;119;95;47m▀[38;2;66;54;36m[48;2;56;43;23m▀[38;2;35;24;18m[48;2;30;27;20m▀[38;2;23;15;13m[48;2;30;30;27m▀[49m[38;2;26;25;25m▄[38;2;47;45;43m▄[38;2;52;47;44m▄[38;2;36;29;26m▄  [0m
                       [38;2;14;5;5m▄[38;2;10;6;6m[48;2;4;6;7m▀[38;2;9;11;11m[48;2;17;17;17m▀[38;2;22;21;20m[48;2;19;19;19m▀[38;2;34;32;27m[48;2;22;21;19m▀[38;2;46;39;29m[48;2;25;22;18m▀[38;2;59;46;25m[48;2;32;28;21m▀[38;2;68;54;31m[48;2;46;42;34m▀[38;2;49;40;27m[48;2;23;20;16m▀[38;2;41;38;33m[48;2;13;12;11m▀[38;2;36;37;35m[48;2;19;11;12m▀[38;2;30;30;29m[48;2;15;4;4m▀[49m[38;2;21;20;19m▀[38;2;18;17;16m▀[38;2;31;27;26m▀  [0m
                      [38;2;14;7;7m▄[38;2;11;9;9m[48;2;7;8;10m▀[38;2;7;8;9m[48;2;11;11;12m▀[38;2;17;17;17m[48;2;16;16;17m▀[38;2;23;22;23m[48;2;27;26;26m▀[38;2;13;13;13m[48;2;30;30;30m▀[38;2;16;16;16m▀[38;2;21;20;19m[48;2;16;15;16m▀[38;2;13;12;11m[48;2;9;9;10m▀[38;2;7;8;8m[48;2;12;11;11m▀[49m[38;2;12;5;5m▀       [0m
                     [38;2;20;9;8m▄[38;2;12;6;7m[48;2;8;7;8m▀[38;2;8;9;10m[48;2;3;4;4m▀[38;2;11;10;11m[48;2;13;13;13m▀[38;2;21;21;22m[48;2;22;23;23m▀[38;2;20;20;20m[48;2;22;22;22m▀[38;2;39;38;38m[48;2;30;29;29m▀[38;2;33;32;32m[48;2;33;33;33m▀[38;2;41;40;40m[48;2;46;46;45m▀[38;2;26;27;28m[48;2;35;36;36m▀[38;2;12;7;8m[48;2;19;15;16m▀[49m        [0m
                   [38;2;24;16;15m▄[38;2;17;7;7m[48;2;30;30;30m▀[38;2;26;24;24m[48;2;28;28;27m▀[38;2;26;26;26m[48;2;38;37;35m▀[38;2;21;20;21m[48;2;35;34;33m▀[38;2;16;16;16m[48;2;23;23;23m▀[38;2;17;17;17m[48;2;34;33;33m▀[38;2;27;26;26m[48;2;22;22;22m▀[38;2;14;15;15m[48;2;23;23;23m▀[38;2;43;43;42m[48;2;37;36;36m▀[38;2;37;36;36m[48;2;24;23;24m▀[38;2;30;30;30m[48;2;17;18;18m▀[38;2;24;22;23m[48;2;23;21;22m▀[49m        [0m
                 [38;2;42;35;33m▄[38;2;38;29;27m[48;2;48;49;47m▀[38;2;39;39;38m[48;2;28;27;27m▀[38;2;37;37;36m[48;2;23;22;21m▀[38;2;32;31;30m[48;2;36;36;34m▀[38;2;41;40;39m[48;2;29;28;28m▀[38;2;43;42;41m[48;2;27;26;26m▀[38;2;21;21;20m[48;2;27;27;27m▀[38;2;44;44;43m[48;2;21;21;21m▀[48;2;34;33;33m▀[38;2;44;44;44m[48;2;38;37;37m▀[38;2;33;33;33m[48;2;19;18;19m▀[38;2;10;10;10m[48;2;12;11;12m▀[38;2;9;8;9m[48;2;9;9;9m▀[38;2;26;27;28m[48;2;21;22;23m▀[38;2;27;19;19m[48;2;32;25;24m▀[49m       [0m
               [38;2;29;18;17m▄[38;2;36;28;27m[48;2;22;23;23m▀[38;2;32;33;33m[48;2;10;10;10m▀[38;2;19;18;18m[48;2;10;9;10m▀[38;2;23;22;23m[48;2;21;21;21m▀[38;2;41;40;39m[48;2;35;35;33m▀[38;2;44;44;42m[48;2;37;37;36m▀[38;2;48;48;46m[48;2;41;41;40m▀[38;2;42;42;40m[48;2;42;41;40m▀[38;2;39;38;37m[48;2;33;32;32m▀[38;2;28;28;27m[48;2;24;24;24m▀[38;2;14;14;14m[48;2;19;19;19m▀[38;2;20;20;20m[48;2;14;14;15m▀[38;2;19;19;19m[48;2;17;17;17m▀[38;2;7;7;7m▀[38;2;14;13;14m[48;2;16;16;16m▀[38;2;18;19;19m[48;2;10;11;11m▀[38;2;22;17;17m[48;2;7;6;7m▀[49m       [0m
              [38;2;26;19;18m▄[38;2;17;15;17m[48;2;22;23;22m▀[38;2;11;11;12m[48;2;37;36;35m▀[38;2;22;21;21m[48;2;33;32;30m▀[38;2;30;29;28m[48;2;37;37;35m▀[38;2;30;30;29m[48;2;28;27;26m▀[38;2;22;21;21m[48;2;18;17;17m▀[38;2;21;20;20m[48;2;17;17;17m▀[38;2;10;10;11m[48;2;24;23;24m▀[38;2;29;29;29m[48;2;22;22;22m▀[38;2;19;19;19m[48;2;8;8;9m▀[38;2;18;18;18m[48;2;18;17;17m▀[38;2;25;25;25m[48;2;21;21;20m▀[38;2;17;17;17m[48;2;14;14;14m▀[38;2;20;20;20m[48;2;18;18;18m▀[38;2;18;18;19m[48;2;17;17;16m▀[38;2;9;9;9m[48;2;10;9;10m▀[38;2;8;8;9m[48;2;2;3;4m▀[38;2;9;8;9m[48;2;10;6;6m▀[49m       [0m
             [38;2;18;8;7m[48;2;18;15;16m▀[38;2;31;31;30m[48;2;18;18;19m▀[38;2;41;41;39m[48;2;21;21;21m▀[38;2;34;33;32m[48;2;13;13;14m▀[38;2;27;27;27m[48;2;16;16;17m▀[38;2;28;27;27m[48;2;19;19;20m▀[38;2;24;23;22m[48;2;19;19;19m▀[38;2;26;25;25m[48;2;22;21;21m▀[38;2;31;30;29m[48;2;31;30;29m▀[38;2;26;25;26m[48;2;6;6;6m▀[38;2;4;4;5m[48;2;4;4;5m▀[38;2;12;12;13m[48;2;9;9;10m▀[38;2;14;14;14m[48;2;14;14;14m▀[38;2;17;17;17m[48;2;8;8;8m▀[38;2;21;21;21m[48;2;17;17;17m▀[38;2;12;12;12m[48;2;23;23;23m▀[38;2;15;15;15m[48;2;17;17;17m▀[38;2;7;7;7m[48;2;6;6;6m▀[38;2;3;4;5m[48;2;8;8;9m▀[49m[38;2;12;5;5m▀       [0m
          [38;2;15;7;6m▄[38;2;19;10;9m[48;2;31;31;31m▀[38;2;25;24;25m[48;2;20;20;21m▀[38;2;8;9;9m[48;2;12;12;12m▀[38;2;19;18;19m▀[38;2;10;10;11m[48;2;5;5;5m▀[38;2;7;7;8m[48;2;6;6;7m▀[38;2;10;9;10m[48;2;5;5;6m▀[38;2;11;11;12m[48;2;12;12;12m▀[38;2;13;13;13m[48;2;15;16;16m▀[38;2;23;23;23m[48;2;13;13;13m▀[38;2;12;12;13m[48;2;6;6;7m▀[38;2;0;0;0m[48;2;1;1;1m▀[38;2;6;6;7m[48;2;10;10;11m▀[38;2;5;5;6m▀[38;2;15;14;15m[48;2;13;13;13m▀[38;2;19;19;19m▀[38;2;12;12;12m[48;2;5;5;5m▀[38;2;14;14;14m[48;2;11;11;11m▀[38;2;12;12;13m[48;2;8;8;8m▀[38;2;4;5;6m[48;2;6;7;8m▀[38;2;10;6;7m[48;2;9;3;3m▀[49m        [0m
        [38;2;13;5;5m▄[38;2;11;3;3m[48;2;19;19;20m▀[38;2;23;23;24m[48;2;13;13;14m▀[38;2;15;14;15m[48;2;7;7;8m▀[38;2;11;10;11m[48;2;10;10;10m▀[38;2;9;9;10m[48;2;3;3;4m▀[38;2;8;8;9m[48;2;18;17;18m▀[38;2;17;17;17m[48;2;18;18;19m▀[38;2;6;6;7m[48;2;9;9;10m▀[48;2;11;11;12m▀[38;2;13;13;14m[48;2;8;8;9m▀[38;2;9;9;10m[48;2;1;1;2m▀[38;2;5;5;6m▀[48;2;8;8;8m▀[38;2;10;10;10m[48;2;8;8;9m▀[38;2;16;16;16m[48;2;9;9;11m▀[38;2;14;14;15m[48;2;10;10;10m▀[38;2;10;10;10m[48;2;9;8;9m▀[38;2;7;8;8m[48;2;3;3;4m▀[38;2;3;4;4m[48;2;4;4;5m▀[38;2;4;4;4m[48;2;10;11;11m▀[38;2;8;9;9m[48;2;15;12;12m▀[49m[38;2;8;5;5m▀         [0m
        [38;2;21;13;14m[48;2;16;7;7m▀[38;2;13;14;14m[48;2;7;8;10m▀[38;2;11;10;11m[48;2;14;13;14m▀[38;2;16;16;18m[48;2;10;10;11m▀[38;2;3;3;4m[48;2;7;7;9m▀[38;2;10;10;10m[48;2;12;13;13m▀[38;2;14;15;15m[48;2;12;12;13m▀[38;2;11;11;12m[48;2;8;8;9m▀[38;2;7;7;8m[48;2;1;1;3m▀[38;2;2;3;4m[48;2;3;3;4m▀[38;2;1;1;2m[48;2;5;5;6m▀▀[38;2;7;7;8m▀[38;2;11;11;12m[48;2;5;5;5m▀[38;2;10;10;11m[48;2;4;4;5m▀[38;2;7;7;8m▀[38;2;8;8;8m[48;2;5;5;6m▀[38;2;2;3;4m▀[38;2;6;6;7m[48;2;9;9;10m▀[38;2;5;5;6m[48;2;4;5;6m▀[38;2;11;10;10m[48;2;14;7;7m▀[49m           [0m
       [38;2;24;19;20m▄[38;2;11;9;10m[48;2;18;19;20m▀[38;2;8;9;10m[48;2;18;18;19m▀[38;2;18;18;19m[48;2;14;13;14m▀[38;2;15;15;15m[48;2;5;5;6m▀[38;2;5;5;7m[48;2;7;7;8m▀[38;2;10;10;11m[48;2;3;3;4m▀[38;2;4;4;5m[48;2;1;2;3m▀[38;2;1;1;3m[48;2;3;3;4m▀[38;2;3;3;5m[48;2;4;5;5m▀[38;2;5;5;7m[48;2;3;4;5m▀[38;2;3;3;5m[48;2;5;5;6m▀[38;2;5;5;6m[48;2;6;6;7m▀[38;2;6;6;7m[48;2;3;3;4m▀[38;2;5;5;6m[48;2;7;7;8m▀[38;2;6;6;6m[48;2;7;7;7m▀[38;2;1;1;2m[48;2;6;7;8m▀[38;2;9;9;10m[48;2;8;7;9m▀[38;2;9;8;9m[48;2;7;7;8m▀[38;2;7;8;8m[48;2;10;10;10m▀[38;2;11;8;9m[48;2;15;6;6m▀[49m            [0m
    [38;2;12;4;4m▄[38;2;6;5;6m▄[38;2;21;17;18m[48;2;12;13;14m▀[38;2;16;17;18m[48;2;2;2;4m▀[38;2;8;8;8m[48;2;10;10;10m▀[38;2;5;5;6m[48;2;6;6;7m▀[38;2;3;3;4m[48;2;8;8;9m▀[38;2;6;6;8m[48;2;10;9;10m▀[38;2;4;4;5m[48;2;5;6;7m▀[48;2;4;5;6m▀[38;2;7;7;8m[48;2;10;10;12m▀[38;2;5;4;6m[48;2;0;1;2m▀[38;2;4;4;5m[48;2;1;1;3m▀[38;2;3;3;5m[48;2;1;1;2m▀[38;2;4;4;5m[48;2;2;2;4m▀[38;2;7;7;7m[48;2;6;6;7m▀[38;2;7;6;7m[48;2;8;8;9m▀[38;2;5;6;6m[48;2;10;7;7m▀[38;2;4;5;5m[48;2;8;5;5m▀[38;2;3;3;4m[48;2;0;0;1m▀[38;2;0;0;1m[48;2;2;3;4m▀[38;2;3;3;5m[48;2;20;12;12m▀[49m[38;2;15;5;5m▀             [0m
 [38;2;19;12;11m▄[38;2;12;3;2m[48;2;15;12;12m▀[38;2;9;6;6m[48;2;17;9;9m▀[38;2;5;7;8m[48;2;19;10;9m▀[38;2;8;9;9m[48;2;22;19;19m▀[38;2;9;8;9m[48;2;19;19;20m▀[38;2;20;20;21m[48;2;10;10;11m▀[38;2;13;12;13m[48;2;1;1;2m▀[38;2;1;1;3m[48;2;5;5;6m▀[38;2;6;6;7m[48;2;5;7;8m▀[38;2;7;8;9m[48;2;14;8;8m▀[49m[38;2;13;10;11m▀[38;2;15;9;9m▀[38;2;16;8;7m▀[38;2;18;10;10m▀[38;2;9;5;6m[48;2;12;4;4m▀[38;2;0;1;2m[48;2;1;2;4m▀[38;2;4;0;1m[48;2;8;2;2m▀[49m [38;2;17;11;10m▀ [38;2;12;3;3m[48;2;4;0;0m▀[38;2;0;0;2m[48;2;1;2;4m▀[38;2;13;6;6m[48;2;13;5;5m▀[49m               [0m
 [38;2;23;13;13m▀ [38;2;23;4;3m▄[38;2;24;5;5m[48;2;11;10;11m▀[38;2;18;15;16m[48;2;11;12;13m▀[38;2;16;16;17m[48;2;13;13;15m▀[38;2;3;3;4m[48;2;5;5;7m▀[38;2;8;8;10m[48;2;14;16;17m▀[38;2;7;9;9m[48;2;12;6;7m▀[49m[38;2;12;5;6m▀     [38;2;8;1;1m▀[38;2;3;4;5m[48;2;14;13;13m▀[49m[38;2;13;8;8m▀    [38;2;3;3;4m[48;2;18;11;11m▀[49m[38;2;12;5;4m▀               [0m
 [38;2;13;4;3m▄[38;2;12;2;2m[48;2;13;14;14m▀[38;2;8;7;8m[48;2;11;13;13m▀[38;2;9;9;10m[48;2;5;5;6m▀[38;2;10;10;11m[48;2;7;7;9m▀[38;2;4;5;7m[48;2;11;7;7m▀[49m[38;2;15;15;17m▀[38;2;14;8;7m▀        [38;2;32;23;22m▀[38;2;34;26;25m▄     [38;2;29;18;17m[48;2;18;10;9m▀[49m[38;2;23;14;13m▄              [0m
 [38;2;21;8;8m▀[38;2;18;14;14m▀[38;2;16;9;9m▀[38;2;12;6;6m▀[38;2;15;8;7m▀            [38;2;32;22;21m▀[38;2;33;23;21m▄     [38;2;29;19;18m▀[38;2;34;22;21m▄             [0m
                 [38;2;32;12;10m▄[38;2;30;18;17m▄[38;2;41;33;30m[48;2;30;25;24m▀[49m[38;2;34;33;31m▄ [38;2;27;21;19m▄[38;2;31;30;28m▄[38;2;30;18;17m▄[38;2;20;13;12m[48;2;25;15;14m▀[38;2;36;34;31m[48;2;24;19;17m▀[38;2;23;14;13m[48;2;30;25;24m▀[49m[38;2;26;14;12m▄[38;2;29;20;17m▄[38;2;33;17;14m▄         [0m
                    [38;2;27;20;18m▀[38;2;25;17;15m▀[38;2;25;19;18m▀▀                [0m
